(693, 648)
[(56, 1396), (70, 1325), (169, 1339), (147, 1464), (90, 1443), (65, 1418)]
[(69, 1299), (169, 1315), (209, 1067), (113, 1052)]
[(119, 1022), (211, 1042), (225, 964), (138, 947)]
[(147, 1464), (169, 1339), (364, 1371), (338, 1505)]
[(165, 913), (239, 929), (265, 794), (185, 781)]
[(200, 561), (219, 448), (501, 496), (481, 610), (221, 564)]
[(202, 705), (221, 585), (475, 631), (456, 750)]
[(222, 401), (232, 367), (418, 394), (418, 436)]
[(227, 1092), (247, 961), (418, 988), (396, 1119)]
[(257, 933), (282, 795), (454, 825), (430, 964)]
[(338, 1505), (432, 1510), (470, 1467), (482, 1391), (364, 1371)]
[(375, 1338), (405, 1166), (523, 1186), (495, 1360)]
[(411, 1138), (432, 1000), (550, 1018), (528, 1160)]
[(418, 394), (418, 436), (527, 452), (547, 332), (455, 319), (435, 344)]
[(456, 287), (469, 220), (513, 185), (572, 185), (554, 302)]
[(481, 702), (495, 635), (611, 651), (589, 769), (494, 755), (505, 709)]
[(500, 612), (522, 497), (633, 513), (614, 629)]
[(516, 143), (533, 59), (593, 66), (575, 157)]
[(524, 1476), (614, 1468), (581, 1373), (533, 1379)]
[(527, 452), (547, 332), (659, 352), (640, 474)]
[(554, 302), (661, 319), (681, 191), (572, 185)]
[(575, 157), (711, 172), (723, 94), (593, 66)]
[(626, 1014), (626, 1079), (751, 1096), (760, 1033)]
[(626, 1014), (760, 1033), (784, 869), (653, 854)]
[(681, 474), (782, 491), (799, 380), (706, 366)]
[(708, 319), (799, 332), (825, 219), (731, 198)]
[(711, 172), (832, 197), (839, 107), (723, 94)]
[(779, 1099), (921, 1122), (938, 972), (802, 950)]
[(802, 950), (809, 877), (950, 898), (938, 972)]
[(810, 1153), (819, 1117), (913, 1138), (901, 1219), (847, 1212)]
[(835, 430), (929, 446), (947, 372), (849, 350)]
[(922, 503), (929, 446), (947, 372), (1041, 384), (1018, 521)]
[(977, 986), (988, 902), (1180, 929), (1168, 1024)]
[(994, 847), (1176, 876), (1217, 636), (1035, 604)]
[(1114, 1314), (1158, 1324), (1202, 1079), (1168, 1024)]
[(1183, 1377), (1204, 1232), (1230, 1080), (1343, 1107), (1323, 1254), (1315, 1353)]
[(1197, 1017), (1208, 943), (1384, 967), (1366, 1083), (1220, 1057)]
