(835.0, 430.0), (929.0, 446.0), (947.0, 372.0), (849.0, 350.0)
(227.0, 1092.0), (247.0, 961.0), (418.0, 988.0), (396.0, 1119.0)
(575.0, 157.0), (711.0, 172.0), (723.0, 94.0), (593.0, 66.0)
(418.0, 394.0), (418.0, 436.0), (527.0, 452.0), (547.0, 332.0), (455.0, 319.0), (435.0, 344.0)
(411.0, 1138.0), (432.0, 1000.0), (550.0, 1018.0), (528.0, 1160.0)
(375.0, 1338.0), (405.0, 1166.0), (523.0, 1186.0), (495.0, 1360.0)
(810.0, 1153.0), (847.0, 1212.0), (901.0, 1219.0), (913.0, 1138.0), (819.0, 1117.0)
(994.0, 847.0), (1176.0, 876.0), (1217.0, 636.0), (1035.0, 604.0)
(481.0, 702.0), (495.0, 635.0), (611.0, 651.0), (589.0, 769.0), (494.0, 755.0), (505.0, 709.0)
(1114.0, 1314.0), (1158.0, 1324.0), (1202.0, 1079.0), (1168.0, 1024.0)
(527.0, 452.0), (547.0, 332.0), (659.0, 352.0), (640.0, 474.0)
(1183.0, 1377.0), (1204.0, 1232.0), (1230.0, 1080.0), (1343.0, 1107.0), (1323.0, 1254.0), (1315.0, 1353.0)
(922.0, 503.0), (929.0, 446.0), (947.0, 372.0), (1041.0, 384.0), (1018.0, 521.0)
(524.0, 1476.0), (614.0, 1468.0), (581.0, 1373.0), (533.0, 1379.0)
(977.0, 986.0), (988.0, 902.0), (1180.0, 929.0), (1168.0, 1024.0)
(554.0, 302.0), (661.0, 319.0), (681.0, 191.0), (572.0, 185.0)
(202.0, 705.0), (221.0, 585.0), (475.0, 631.0), (456.0, 750.0)
(711.0, 172.0), (832.0, 197.0), (839.0, 107.0), (723.0, 94.0)
(69.0, 1299.0), (169.0, 1315.0), (209.0, 1067.0), (113.0, 1052.0)
(516.0, 143.0), (533.0, 59.0), (593.0, 66.0), (575.0, 157.0)
(802.0, 950.0), (809.0, 877.0), (950.0, 898.0), (938.0, 972.0)
(626.0, 1014.0), (760.0, 1033.0), (784.0, 869.0), (653.0, 854.0)
(165.0, 913.0), (239.0, 929.0), (265.0, 794.0), (185.0, 781.0)
(626.0, 1014.0), (626.0, 1079.0), (751.0, 1096.0), (760.0, 1033.0)
(708.0, 319.0), (799.0, 332.0), (825.0, 219.0), (731.0, 198.0)
(338.0, 1505.0), (432.0, 1510.0), (470.0, 1467.0), (482.0, 1391.0), (364.0, 1371.0)
(200.0, 561.0), (219.0, 448.0), (501.0, 496.0), (481.0, 610.0), (221.0, 564.0)
(257.0, 933.0), (282.0, 795.0), (454.0, 825.0), (430.0, 964.0)
(147.0, 1464.0), (169.0, 1339.0), (364.0, 1371.0), (338.0, 1505.0)
(222.0, 401.0), (232.0, 367.0), (418.0, 394.0), (418.0, 436.0)
(456.0, 287.0), (469.0, 220.0), (513.0, 185.0), (572.0, 185.0), (554.0, 302.0)
(681.0, 474.0), (782.0, 491.0), (799.0, 380.0), (706.0, 366.0)
(810.0, 1153.0), (819.0, 1117.0), (913.0, 1138.0), (901.0, 1219.0), (847.0, 1212.0)
(119.0, 1022.0), (211.0, 1042.0), (225.0, 964.0), (138.0, 947.0)
(1197.0, 1017.0), (1208.0, 943.0), (1384.0, 967.0), (1366.0, 1083.0), (1220.0, 1057.0)
(56.0, 1396.0), (70.0, 1325.0), (169.0, 1339.0), (147.0, 1464.0), (90.0, 1443.0), (65.0, 1418.0)
(779.0, 1099.0), (921.0, 1122.0), (938.0, 972.0), (802.0, 950.0)
(500.0, 612.0), (522.0, 497.0), (633.0, 513.0), (614.0, 629.0)
